/* ревизия май 2012 */


Данные по узлам
-------------------------------------------------------------------------------------------------------------------------------------
 №уз   тип    Uном     Bш (емк+         Напряжение            Мощность нагрузки    Мощность генерации   Пределы генерации
              кВ      мСм  инд-)  фаза,град    модуль,кВ       P,МВт    Q,МВар     P,МВт     Q,МВар    Qmax,МВар  Qmin,МВар
-------------------------------------------------------------------------------------------------------------------------------------
 
 1      3    230.0      -            0.000       243.800           -          -    232.39     -16.55     -         -
 2      2    230.0      -           -4.983       240.350       21.70      12.70     40.00      43.56    50.00    -40.00
 3      2    230.0      -          -12.725       232.300       94.20      19.00      0.00      25.08    40.00      0.00
 4      1    230.0      -          -10.313       234.064       47.80      -3.90      -         -         -         -    
 5      1    230.0      -           -8.774       234.488        7.60       1.60      -         -         -         -    
 6      2    115.0      -          -14.221       123.050       11.20       7.50      0.00      12.73    24.00     -6.00
 7      1    115.0      -          -13.360       122.075           -          -      -         -         -         -    
 8      2    115.0      -          -13.360       125.350           -          -      0.00      17.62    24.00     -6.00
 9      1    115.0      1.43667    -14.939       121.432       29.50      16.60      -         -         -         -    
 10     1    115.0      -          -15.097       120.863        9.00       5.80      -         -         -         -    
 11     1    115.0      -          -14.791       121.544        3.50       1.80      -         -         -         -    
 12     1    115.0      -          -15.076       121.347        6.10       1.60      -         -         -         -    
 13     1    115.0      -          -15.156       120.794       13.50       5.80      -         -         -         -    
 14     1    115.0      -          -16.034       119.086       14.90       5.00      -         -         -         -    
 
 
 
 
Данные по ветвям
----------------------------------------------------------------------------      
 нач    кон         R,Ом         Х,Ом          В,мСм        Ктр
                                            (емк+ инд-)
----------------------------------------------------------------------------

  1      2       10.2520        31.3009        0.0998       -
  1      5       28.5819       117.9882        0.0930       -
  2      3       24.8577       104.7261        0.0828       -
  2      4       30.7402        93.2733        0.0643       -
  2      5       30.1266        91.9825        0.0654       -
  3      4       35.4483        90.4749        0.0242       -
  4      5        7.0622        22.2762        0.0000       -
  4      7        0.0000       105.8105        0.0000       0.511247
  4      9        0.0000       276.2604        0.0000       0.515996
  5      6        0.0000       115.8037        0.0000       0.536481
  6     11       12.5611        26.3045        0.0000       -
  6     12       16.2548        33.8309        0.0000       -
  6     13        8.7483        17.2282        0.0000       -
  7      8        0.0000        23.2958        0.0000       -
  7      9        0.0000        14.5488        0.0000       -
  9     10        4.2069        11.1751        0.0000       -
  9     14       16.8103        35.7578        0.0000       -
 10     11       10.8511        25.4013        0.0000       -
 12     13       29.2167        26.4341        0.0000       -
 13     14       22.6055        46.0256        0.0000       -



Параметры режима сети
-------------------------------------------------------------------------------------------
 нач    кон    Pнач,МВт    Qнач,МВар     Iнач,А       Pкон,МВт    Qкон,МВар     Iкон,А
-------------------------------------------------------------------------------------------

  1      2      156.88       -20.40       374.65       -152.59       27.68       372.51
  1      5       75.51         3.85       179.05        -72.75        2.23       179.20
  2      3       73.24         3.56       176.13        -70.91        1.60       176.29
  2      4       56.13        -1.55       134.89        -54.45        3.02       134.53
  2      5       41.52         1.17        99.77        -40.61       -2.10       100.13
  3      4      -23.29         4.47        58.93         23.66       -4.84        59.56
  4      5      -61.16        15.82       155.82         61.67      -14.20       155.82
  4      7       28.07        -9.68        73.25        -28.07       11.38       143.28
  4      9       16.08        -0.43        39.68        -16.08        1.73        76.89
  5      6       44.09        12.47       112.81        -44.09       -8.05       210.28
  6     11        7.35         3.56        38.33         -7.30       -3.44        38.33
  6     12        7.79         2.50        38.37         -7.71       -2.35        38.37
  6     13       17.75         7.22        89.89        -17.54       -6.80        89.89
  7      8        0.00       -17.16        81.17         -0.00       17.62        81.17
  7      9       28.07         5.78       135.56        -28.07       -4.98       135.56
  9     10        5.23         4.22        31.94         -5.21       -4.18        31.94
  9     14        9.43         3.61        47.99         -9.31       -3.36        47.99
 10     11       -3.79        -1.62        19.66          3.80        1.64        19.66
 12     13        1.61         0.75         8.48         -1.61       -0.75         8.48
 13     14        5.64         1.75        28.24         -5.59       -1.64        28.24