  4.5000000e+001
  4.8925131e+002
  1.0000000e+000  1.0000000e+000  5.0182609e+000  1.6008966e+001  2.3100000e+002  2.4400000e+002  5.4000000e-001  5.5000000e-001  5.2000000e-001
  2.0000000e+000  2.0000000e+000  5.0000000e+000  1.6094917e+001  2.3100000e+002  2.4300000e+002  5.4000000e-001  5.5000000e-001  5.3000000e-001
  3.0000000e+000  3.0000000e+000  5.0000000e+000  1.6123752e+001  2.3100000e+002  2.3200000e+002  5.4000000e-001  5.5000000e-001  5.2000000e-001
  4.0000000e+000  4.0000000e+000  5.0000000e+000  1.6139532e+001  2.3100000e+002  2.3900000e+002  5.4000000e-001  5.5000000e-001  5.3000000e-001
  5.0000000e+000  5.0000000e+000  5.0000000e+000  1.6148474e+001  2.3100000e+002  2.3100000e+002  5.4000000e-001  5.1000000e-001  5.4000000e-001
  6.0000000e+000  6.0000000e+000  5.0000000e+000  1.6156703e+001  2.3100000e+002  2.4300000e+002  5.5000000e-001  5.2000000e-001  5.3000000e-001
  1.8400000e+002  7.0000000e+000  5.0000000e+000  1.6157017e+001  2.3100000e+002  2.3100000e+002  5.4000000e-001  5.5000000e-001  5.3000000e-001
  7.0000000e+000  8.0000000e+000  5.0000000e+000  1.6157187e+001  2.3100000e+002  2.3200000e+002  5.4000000e-001  5.5000000e-001  5.3000000e-001
  8.0000000e+000  9.0000000e+000  5.0000000e+000  1.6157364e+001  2.3100000e+002  2.3900000e+002  5.4000000e-001  5.5000000e-001  5.3000000e-001
  9.0000000e+000  1.0000000e+001  5.0000000e+000  1.6163186e+001  2.3100000e+002  2.3300000e+002  5.4000000e-001  5.5000000e-001  5.3000000e-001
