  2.3000000e+001
  1.2504605e+002
  1.0000000e+000  1.0000000e+000  6.8181818e+000  1.5400640e+001  2.3500000e+002  2.3200000e+002  5.4000000e-001  5.5000000e-001  5.1000000e-001
  7.0000000e+000  2.0000000e+000  7.2727273e+000  1.5284671e+001  2.3600000e+002  2.3600000e+002  5.3000000e-001  5.2000000e-001  4.9000000e-001
  7.0000000e+000  2.0000000e+000  7.2727273e+000  1.5284671e+001  2.3600000e+002  2.3600000e+002  5.3000000e-001  5.2000000e-001  4.9000000e-001
  2.0000000e+000  3.0000000e+000  6.8181818e+000  1.5520152e+001  2.3500000e+002  2.4200000e+002  5.5000000e-001  5.2000000e-001  5.1000000e-001
  3.0000000e+000  4.0000000e+000  6.8181818e+000  1.5542340e+001  2.3500000e+002  2.3200000e+002  5.5000000e-001  5.2000000e-001  4.9000000e-001
  5.0000000e+000  5.0000000e+000  6.8181818e+000  1.5595910e+001  2.3500000e+002  2.3700000e+002  5.4000000e-001  5.9000000e-001  5.1000000e-001
  5.0000000e+000  5.0000000e+000  6.8181818e+000  1.5595910e+001  2.3500000e+002  2.3700000e+002  5.4000000e-001  5.9000000e-001  5.1000000e-001
  7.4000000e+001  6.0000000e+000  6.8181818e+000  1.5634464e+001  2.3500000e+002  2.4500000e+002  5.5000000e-001  5.9000000e-001  5.1000000e-001
  9.6000000e+001  7.0000000e+000  6.8181818e+000  1.5655109e+001  2.3500000e+002  2.4500000e+002  5.4000000e-001  5.5000000e-001  5.1000000e-001
  7.3000000e+001  8.0000000e+000  7.2727273e+000  1.5525752e+001  2.3600000e+002  2.3600000e+002  5.3000000e-001  5.8000000e-001  5.4000000e-001
  3.7000000e+001  9.0000000e+000  6.3636364e+000  1.5723160e+001  2.3400000e+002  2.3600000e+002  5.4000000e-001  5.5000000e-001  5.1000000e-001
  1.4000000e+001  1.0000000e+001  7.7272727e+000  1.5264717e+001  2.3700000e+002  2.4100000e+002  5.3000000e-001  5.2000000e-001  4.9000000e-001
  9.3000000e+001  1.1000000e+001  7.2947288e+000  1.5536553e+001  2.3500000e+002  2.4200000e+002  4.9000000e-001  5.5000000e-001  5.1000000e-001
